c(48812029, 49036047, 49083547, 49992740, 51730615, 53697567, 
55121481, 55222599, 55533633, 56954915, 57148169, 57236772, 59628282, 
59658624, 61592023, 64090090, 65452422, 66677512, 66683940, 67251165, 
68117871, 71186821, 71648226, 74083648, 77928163, 78057520, 79590891, 
81111302, 81616565, 82515116, 82552926, 82553453, 82700845, 82732730, 
82807223, 86276870, 86427706, 86563433, 89118578, 91082756, 91140007, 
95208565, 95330652, 97311936, 97342518, 97575031, 98807865, 98856985, 
98969358, 99183715, 99239395, 99536031, 100959535, 101232015, 
101602169, 101772676, 101784338, 101997929, 102032258, 102248210, 
102278381, 102572572, 103325013, 103907706, 104102419, 104380248, 
109283140, 109524969, 110645595, 110655553, 116665653, 117927355, 
119189872, 120289758, 123863151, 124329872, 124579311, 125393412, 
125632194, 128817530, 131134171, 134118151, 134318596, 141599438, 
141737677, 141801574, 143849612, 144192079, 144765925, 144970537, 
145061309, 145136277, 145209512, 145221980, 145225526, 145589241, 
145714197, 145969307, 146046354)
